3.949489237129455297e-05
9.724694609758444808e-06
9.633523541197064671e-06
6.790440420445520600e-06
4.400054967845789749e-06
4.014282967546023259e-06
3.274992354818095749e-06
2.273393647556076758e-06
3.017440849362173880e-06
2.314933954039588401e-06
2.764830696833087131e-06
2.119970804415060969e-06
2.217240262325504033e-06
2.060698034256347624e-06
1.204391219289391217e-06
1.884751236502779563e-06
1.390520037602982441e-06
1.778610601377295182e-06
1.216149485117057338e-06
9.696551273918884425e-07
1.256162545359984464e-06
8.822790448448358590e-07
1.521510330348974136e-06
1.345323437362821963e-06
1.359995735583652277e-06
7.765951181681885342e-07
1.747818828334857244e-06
7.063287966957432006e-07
1.371608277622726746e-06
1.048002513925894121e-06
7.584803370264125564e-07
7.118402436390169896e-07
5.887443535357305822e-07
1.068134872639347947e-06
8.018153152988815722e-07
5.883976399445600691e-07
4.009954125194781439e-07
9.750707249622792853e-07
4.559915609547715576e-07
4.652883177413969163e-07
7.099007461874862202e-07
4.683223437496053415e-07
4.239245441794992181e-07
6.170613687572768170e-07
3.448672742933922564e-07
3.545266054061357863e-07
4.512933458045154111e-07
4.125244345232203857e-07
2.284873687585786578e-07
2.949664235529780959e-07
